state,p_marked,error,gate_count,depth
111,0.123046875,0.876953125,32,20
